286206,108237707
300674,1851105
301027,8681279
301307,480836706
301457,321391209
301466,691378320
301480,32002259
301486,442552472
301499,413468188
301671,8315451
301675,254662438
301687,67141
301754,167585513
301787,46104533
301880,387533522
301891,50111839
301972,691539394
301985,51478907
301992,23214103
302028,555960587
302103,21424716
302123,25994702
302126,407414188
302127,324958928
302150,27413474
302156,525285330
302163,470833713
302167,7733590
302177,6228262
302179,2076640568
302186,1994507641
302188,29866854
302194,630709244
302209,288265863
302214,701782069
302218,3923192
302220,472464926
302230,410689349
302235,89945541
302236,33660960
302242,13410681
302248,351856931
302257,6970675
302258,522236776
302271,17510848
302272,356772517
302277,13532834
302279,474593910
302292,28750683
302296,2878144
302302,1503149731
302304,585448887
302316,404945758
302319,26177922
302323,23166297
302330,18606863
302337,699980313
302338,276187015
302339,17311708
302340,11667405
302347,701014342
302366,414702211
302370,376301316
302373,93368725
302374,87365762
302377,26965859
302379,495958581
302382,29218954
302383,16584149
302386,481558714
302391,543336025
302394,1160196978
302412,601614670
302421,698292733
302427,3418375
302432,2997430
302450,520097984
302452,662289478
302458,36990351
302466,688490927
302468,20926433
302469,368901151
302475,98895131
302487,24183531